218 196 196 196 196 196 196 196 196 196 196 196 196 196 196 196 196 196 196 196 196 196 196 196 196 196 196 196 196 196 196 196 196 196 191
179 111 250 250 250 250 250 250 250 250 250 250 250 250 250 250 250 250 250 250 250 250 250 250 250 250 250 250 250 250 250 250 250 111 179
179 250 196 196 196 196 196 196 196 196 250 218 196 196 196 196 196 196 196 196 196 196 196 196 196 191 250 196 196 196 196 196 196 250 179
179 250 250 250 250 250 250 250 250 250 250 179 250 250 250 250 250 250 111 250 250 250 250 250 250 179 250 250 250 250 250 250 250 250 179
217 250 196 196 196 196 196 196 196 196 250 179 250 196 196 196 196 196 250 196 196 196 196 196 250 179 250 196 196 196 196 196 196 250 179
250 250 250 250 250 250 250 250 250 250 250 179 250 250 250 250 250 250 250 250 250 250 250 250 250 179 250 250 250 250 250 250 250 250 179
191 250 196 196 196 196 196 196 196 196 250 179 250 196 196 196 196 196 196 196 196 196 196 196 250 179 250 196 196 196 196 196 196 250 179
179 250 250 250 250 250 250 250 250 250 250 250 250 250 250 250 250 250 250 250 250 250 250 250 250 250 250 250 250 250 250 250 250 250 179
179 250 196 196 196 196 250 179 250 179 250 179 250 218 196 196 196 196 250 196 196 196 196 191 250 179 250 179 250 196 196 196 196 250 179
179 250 250 250 250 250 250 179 250 179 250 179 250 179 250 250 250 250 250 250 250 250 250 179 250 179 250 179 250 250 250 250 250 250 179
179 250 196 196 196 196 196 217 250 179 250 179 250 179 250 218 196 196 196 196 196 191 250 179 250 179 250 192 196 196 196 196 196 250 192
179 250 250 111 250 250 250 250 250 179 250 179 250 250 250 179 153 032 153 032 153 179 250 250 250 179 250 250 250 250 250 111 250 250 250
179 250 196 196 196 196 196 191 250 179 250 179 250 179 250 192 196 196 032 196 196 217 250 179 250 179 250 218 196 196 196 196 196 250 218
179 250 250 250 250 250 250 179 250 179 250 179 250 179 250 250 250 250 250 250 250 250 250 179 250 179 250 179 250 250 250 250 250 250 179
179 250 196 196 196 196 250 179 250 179 250 179 250 192 196 196 196 196 196 196 196 196 196 217 250 179 250 179 250 196 196 196 196 250 179
179 250 250 250 250 250 250 250 250 250 250 250 250 250 250 250 250 250 250 250 250 250 250 250 250 250 250 250 250 250 250 250 250 250 179
217 250 218 196 196 196 196 196 196 196 250 196 196 196 196 196 196 196 250 196 196 196 196 196 196 196 250 196 196 196 196 196 191 250 179
250 250 179 111 250 250 250 250 250 250 250 250 250 250 250 250 250 250 250 250 250 250 250 250 250 250 250 250 250 250 250 111 179 250 179
191 250 179 250 196 196 196 196 196 196 250 196 196 196 196 196 196 196 194 196 196 196 196 196 196 196 250 196 196 196 196 250 179 250 179
179 250 250 250 250 250 250 250 250 250 250 250 250 250 250 250 250 250 179 250 250 250 250 250 250 250 250 250 250 250 250 250 250 250 179
179 250 196 196 196 196 196 196 196 196 196 196 250 196 196 196 196 196 197 196 196 196 196 196 250 196 196 196 196 196 196 196 196 250 179
179 250 250 250 250 250 250 250 250 250 250 250 250 250 250 250 250 250 179 250 250 250 250 250 250 250 250 250 250 250 250 250 250 250 179
192 196 196 196 196 196 196 196 196 196 196 196 196 196 196 196 196 196 193 196 196 196 196 196 196 196 196 196 196 196 196 196 196 196 217